87951
76741
82453
55931
01889
03487
56956
28239
26929
33466
76584
54587
04063
59008
66230
91872
77011
68299
43540
49167
87652
19916
82962
47442
81385
43532
87012
11358
51065
16725
72922
40368
41135
15562
17303
85592
81291
99307
50876
74552
56139
68751
38954
81379
85537
89076
10161
49689
90939
18108
75539
84078
11826
14185
30892
74618
47010
64335
83822
37716
78562
75719
20116
62460
67786
94552
00456
61172
71311
67538
17750
09978
60043
94396
98312
47053
59829
94907
05255
08355
87074
99185
15561
48598
33478
69056
29421
61416
86241
45833
40697
11428
49491
01372
28629
77060
36939
30769
79116
25875
