38016
55761
90184
13362
91145
11801
69440
77131
17873
66921
27234
88705
52676
32727
37606
01303
42524
18436
07828
50070
10069
10932
44678
93568
73545
39573
50806
59948
75727
64152
33365
17381
36068
69808
32207
72738
48372
07159
66396
84703
18621
87894
11781
71365
41216
26441
77847
16372
44621
68306
94290
36257
60366
80649
92711
45318
99519
92835
34852
64332
46840
64417
22997
76133
80439
84645
38636
09808
62759
69900
57026
36327
03660
70473
50400
21024
16573
79422
43333
07641
66614
16933
43448
97191
97537
49540
99853
00148
62841
27129
44203
60181
30056
16806
28575
24675
58343
55016
94924
84199
